1 76
2 45
3 61
4 97
5 86
6 22
7 79
8 77
9 58
10 82
11 5
12 33
13 50
14 82
15 34
16 16
17 17
18 63
19 29
20 33
21 74
22 90
23 26
24 45
25 10
26 37
27 57
28 20
29 67
30 64
31 60
32 73
33 29
34 63
35 26
36 42
37 88
38 23
39 9
40 36
41 32
42 99
43 89
44 19
45 53
46 12
47 99
48 82
49 43
50 26
51 44
52 59
53 4
54 19
55 84
56 99
57 65
58 9
59 92
60 9
61 84
62 17
63 63
64 28
65 17
66 10
67 77
68 86
69 64
70 13
71 64
72 52
73 74
74 99
75 56
76 97
77 60
78 80
79 76
80 84
81 0
82 71
83 59
84 2
85 68
86 34
87 98
88 96
89 46
90 26
91 19
92 37
93 42
94 88
95 62
96 92
97 62
98 99
99 88
100 90
101 19
102 10
103 29
104 87
105 90
106 49
107 8
108 32
109 38
110 52
111 55
112 80
113 10
114 44
115 37
116 63
117 52
118 43
119 75
120 1
121 39
122 79
123 62
124 68
125 18
126 27
127 2
128 94
129 25
130 21
131 21
132 89
133 33
134 96
135 52
136 48
137 30
138 94
139 43
140 7
141 88
142 18
143 97
144 80
145 64
146 13
147 54
148 86
149 40
150 6
151 8
152 91
153 54
154 68
155 65
156 21
157 87
158 28
159 43
160 57
161 99
162 25
163 96
164 40
165 5
166 73
167 25
168 83
169 64
170 65
171 41
172 43
173 62
174 8
175 70
176 51
177 70
178 9
179 86
180 90
181 65
182 7
183 62
184 9
185 1
186 2
187 25
188 85
189 74
190 80
191 89
192 5
193 94
194 26
195 39
196 75
197 28
198 78
199 31
200 41
201 62
202 98
203 24
204 32
205 91
206 63
207 37
208 61
209 32
210 88
211 30
212 64
213 27
214 17
215 78
216 78
217 54
218 56
219 33
220 59
221 10
222 47
223 11
224 98
225 24
226 68
227 76
228 5
229 13
230 87
231 28
232 56
233 54
234 22
235 10
236 69
237 55
238 47
239 52
240 94
241 38
242 6
243 45
244 84
245 13
246 86
247 43
248 33
249 84
250 67
251 34
252 21
253 64
254 97
255 99
256 32
257 7
258 76
259 54
260 31
261 61
262 56
263 82
264 54
265 46
266 85
267 18
268 27
269 55
270 24
271 9
272 50
273 56
274 52
275 39
276 81
277 31
278 60
279 20
280 31
281 2
282 90
283 55
284 8
285 75
286 50
287 43
288 47
289 45
290 73
291 30
292 21
293 55
294 21
295 17
296 26
297 89
298 21
299 36
300 58
301 27
302 66
303 57
304 58
305 14
306 14
307 57
308 56
309 34
310 40
311 84
312 65
313 18
314 33
315 0
316 91
317 96
318 86
319 60
320 8
321 40
322 52
323 50
324 22
325 28
326 81
327 99
328 24
329 22
330 96
331 37
332 77
333 70
334 41
335 56
336 44
337 0
338 95
339 6
340 37
341 18
342 27
343 84
344 96
345 75
346 73
347 5
348 4
349 54
350 77
351 57
352 94
353 6
354 40
355 72
356 47
357 92
358 82
359 75
360 88
361 83
362 42
363 40
364 6
365 97
366 69
367 5
368 38
369 54
370 59
371 70
372 71
373 46
374 79
375 4
376 18
377 80
378 17
379 62
380 64
381 22
382 75
383 68
384 4
385 17
386 42
387 35
388 60
389 81
390 43
391 56
392 74
393 99
394 82
395 97
396 22
397 67
398 57
399 21
400 95
401 16
402 39
403 21
404 67
405 15
406 21
407 99
408 69
409 71
410 22
411 8
412 55
413 91
414 51
415 31
416 40
417 91
418 97
419 36
420 16
421 22
422 75
423 19
424 82
425 82
426 72
427 1
428 28
429 32
430 15
431 16
432 67
433 74
434 50
435 84
436 33
437 88
438 29
439 83
440 68
441 99
442 15
443 82
444 84
445 70
446 31
447 75
448 78
449 79
450 37
451 94
452 0
453 9
454 3
455 91
456 65
457 11
458 9
459 78
460 26
461 14
462 37
463 90
464 78
465 5
466 96
467 26
468 52
469 66
470 98
471 86
472 27
473 16
474 37
475 49
476 32
477 31
478 57
479 35
480 80
481 8
482 62
483 53
484 48
485 62
486 24
487 86
488 6
489 24
490 84
491 18
492 52
493 50
494 25
495 35
496 93
497 91
498 62
499 83
500 49
501 40
502 34
503 25
504 19
505 70
506 66
507 27
508 42
509 73
510 87
511 25
512 67
513 68
514 42
515 13
516 31
517 86
518 60
519 98
520 77
521 40
522 66
523 57
524 40
525 23
526 13
527 26
528 54
529 9
530 99
531 76
532 16
533 15
534 48
535 31
536 10
537 5
538 17
539 58
540 31
541 0
542 99
543 91
544 40
545 22
546 2
547 19
548 86
549 61
550 16
551 40
552 98
553 83
554 30
555 9
556 64
557 43
558 98
559 44
560 3
561 99
562 4
563 7
564 48
565 66
566 51
567 94
568 78
569 40
570 99
571 54
572 23
573 54
574 10
575 66
576 82
577 26
578 40
579 78
580 81
581 34
582 60
583 40
584 41
585 1
586 48
587 80
588 84
589 78
590 72
591 85
592 71
593 6
594 84
595 91
596 22
597 82
598 73
599 20
600 82
601 17
602 66
603 53
604 97
605 12
606 12
607 26
608 21
609 64
610 15
611 50
612 83
613 50
614 36
615 22
616 34
617 38
618 5
619 41
620 65
621 45
622 43
623 33
624 62
625 48
626 72
627 65
628 62
629 86
630 64
631 50
632 85
633 99
634 22
635 5
636 47
637 44
638 61
639 15
640 13
641 96
642 24
643 64
644 49
645 32
646 24
647 57
648 58
649 86
650 96
651 41
652 39
653 19
654 27
655 91
656 40
657 26
658 75
659 51
660 95
661 75
662 29
663 40
664 50
665 90
666 54
667 45
668 2
669 82
670 97
671 52
672 22
673 33
674 2
675 38
676 6
677 84
678 39
679 47
680 91
681 97
682 18
683 50
684 6
685 33
686 20
687 65
688 69
689 85
690 77
691 79
692 70
693 5
694 56
695 6
696 22
697 42
698 46
699 73
700 45
701 49
702 52
703 38
704 40
705 49
706 98
707 2
708 44
709 64
710 95
711 70
712 43
713 79
714 90
715 22
716 57
717 35
718 42
719 61
720 66
721 71
722 63
723 20
724 34
725 42
726 45
727 31
728 94
729 4
730 11
731 2
732 90
733 2
734 53
735 53
736 56
737 39
738 39
739 12
740 8
741 21
742 74
743 18
744 5
745 0
746 16
747 53
748 65
749 80
750 4
751 24
752 78
753 58
754 4
755 71
756 5
757 9
758 12
759 40
760 63
761 78
762 40
763 75
764 86
765 80
766 62
767 97
768 37
769 11
770 69
771 6
772 65
773 54
774 94
775 97
776 69
777 72
778 77
779 85
780 74
781 32
782 12
783 57
784 48
785 52
786 68
787 18
788 64
789 96
790 81
791 73
792 4
793 41
794 33
795 36
796 96
797 76
798 89
799 29
800 91
801 77
802 69
803 78
804 49
805 81
806 61
807 57
808 20
809 47
810 48
811 84
812 55
813 64
814 92
815 18
816 58
817 31
818 92
819 88
820 26
821 12
822 56
823 86
824 4
825 21
826 95
827 86
828 57
829 49
830 28
831 51
832 30
833 65
834 90
835 63
836 81
837 82
838 80
839 43
840 92
841 2
842 86
843 53
844 37
845 0
846 26
847 45
848 87
849 85
850 72
851 17
852 25
853 8
854 17
855 58
856 41
857 34
858 10
859 87
860 57
861 24
862 33
863 21
864 2
865 91
866 48
867 14
868 93
869 58
870 44
871 83
872 15
873 51
874 6
875 97
876 27
877 7
878 44
879 87
880 60
881 68
882 66
883 98
884 54
885 88
886 67
887 11
888 99
889 24
890 88
891 42
892 79
893 25
894 85
895 80
896 43
897 52
898 16
899 78
900 44
901 52
902 83
903 85
904 63
905 47
906 28
907 66
908 11
909 98
910 63
911 20
912 63
913 7
914 25
915 42
916 96
917 50
918 44
919 47
920 52
921 60
922 84
923 36
924 48
925 42
926 56
927 15
928 34
929 26
930 14
931 15
932 10
933 49
934 2
935 77
936 82
937 26
938 49
939 14
940 54
941 60
942 71
943 43
944 50
945 29
946 66
947 9
948 5
949 39
950 14
951 83
952 5
953 0
954 83
955 94
956 12
957 2
958 86
959 12
960 33
961 94
962 68
963 81
964 21
965 25
966 0
967 42
968 35
969 89
970 92
971 49
972 75
973 5
974 80
975 26
976 59
977 40
978 47
979 87
980 14
981 9
982 75
983 22
984 47
985 57
986 71
987 65
988 34
989 39
990 27
991 1
992 22
993 16
994 57
995 29
996 47
997 39
998 71
999 29
1000 31
