18688888888,20160327082400,16030401EAFB68F1E3CDF819735E1C66,1
18611132889,20160327082500,16030401EAFB68F1E3CDF819735E1C66,1
18688888888,20160327170000,16030401EAFB68F1E3CDF819735E1C66,0
18611132889,20160327180000,16030401EAFB68F1E3CDF819735E1C66,0
18611132889,20160327075000,9F36407EAD0629FC166F14DDE7970F68,1
18688888888,20160327075100,9F36407EAD0629FC166F14DDE7970F68,1
18611132889,20160327081000,9F36407EAD0629FC166F14DDE7970F68,0
18688888888,20160327081300,9F36407EAD0629FC166F14DDE7970F68,0
18688888888,20160327175000,9F36407EAD0629FC166F14DDE7970F68,1
18611132889,20160327182000,9F36407EAD0629FC166F14DDE7970F68,1
18688888888,20160327220000,9F36407EAD0629FC166F14DDE7970F68,0
18611132889,20160327230000,9F36407EAD0629FC166F14DDE7970F68,0
18611132889,20160327081100,CC0710CC94ECC657A8561DE549D940E0,1
18688888888,20160327081200,CC0710CC94ECC657A8561DE549D940E0,1
18688888888,20160327081900,CC0710CC94ECC657A8561DE549D940E0,0
18611132889,20160327082000,CC0710CC94ECC657A8561DE549D940E0,0
18688888888,20160327171000,CC0710CC94ECC657A8561DE549D940E0,1
18688888888,20160327171600,CC0710CC94ECC657A8561DE549D940E0,0
18611132889,20160327180500,CC0710CC94ECC657A8561DE549D940E0,1
18611132889,20160327181500,CC0710CC94ECC657A8561DE549D940E0,0
